SET
 bucket | from_id | to_id | errors | ok 
--------+---------+-------+--------+----
      1 |       1 |    30 |      0 | 30
      2 |      31 |    60 |     14 | 16
      3 |      61 |    90 |     15 | 15
      4 |      91 |   120 |     16 | 14
      5 |     121 |   150 |     18 | 12
      6 |     151 |   180 |     29 |  1
      7 |     181 |   210 |     30 |  0
      8 |     211 |   240 |     30 |  0
      9 |     241 |   270 |     17 | 13
     10 |     271 |   300 |      4 | 26
     11 |     301 |   330 |      7 | 23
     12 |     331 |   359 |     17 | 12
(12 rows)

 recent89_total | recent89_errors | pct_refusal 
----------------+-----------------+-------------
             89 |              28 |        31.5
(1 row)

 total | errors | margin_over_bare_majority 
-------+--------+---------------------------
   359 |    197 |                        17
(1 row)

